181
82
177
121
231
101
30
35
171
218
54
238
94
32
225
190
27
86
202
67
70
210
33
77
181
184
164
59
150
51
112
170
71
132
200
140
132
1
172
137
180
137
148
130
167
225
5
2
31
155
137
165
234
22
153
57
4
71
247
244
138
149
79
106
255
169
184
76
20
103
114
119
161
245
83
202
189
92
121
211
241
92
107
137
189
87
185
203
38
9
121
28
68
254
18
186
80
198
227
84
243
209
43
104
39
142
33
101
164
255
14
152
248
162
188
123
22
22
33
138
116
250
97
165
121
129
164
140
156
31
144
132
241
137
116
94
163
251
49
158
43
129
74
140
254
154
141
95
12
177
